# Varying GCF_DIM, start = 8 inc = 8 end = 512
12865536 0.757089987 0.781698546 0.784778259 0.724882889 0.742625172
13062144 2.505542741 2.455974238 2.464545179 2.478854605 2.468812438
13389824 5.544610511 5.39856575 5.559070754 5.646123145 5.53408757
13848576 10.04976321 9.969082126 10.00350879 10.02688164 9.971075534
14438400 16.1587766 16.21482327 15.99752763 16.3981436 15.96608344
15159296 25.12689861 24.98658531 23.12356626 22.85165468 22.95443117
16011264 31.43759814 31.07856932 31.34846978 31.5950091 31.48471125
16994304 41.49150014 41.87716007 41.12952042 41.64369009 41.20931861
18108416 53.38845389 52.96180102 52.52210185 53.29745642 52.57738044
19353600 66.97084411 67.44629543 65.57019752 66.70372636 66.99113495
20729856 80.00354931 81.69985183 81.89834098 81.53122393 81.19383794
22237184 102.6608181 108.4812107 102.4718855 102.5189878 102.3766015
23875584 115.1350601 119.0670407 117.5137408 116.5513562 118.1932902
25645056 138.0443722 139.3692776 134.5594421 138.2300167 134.6357261
27545600 157.9537077 167.5189567 164.8874514 161.8525878 166.3670144
29577216 182.528013 181.8328304 182.0091743 181.1021277 181.1265922
31739904 208.0090396 209.7527477 209.7963063 210.08263 209.842389
34033664 240.5911499 238.473802 243.7417451 237.8971572 240.6764548
36458496 264.5935142 264.9461155 264.1031013 265.6445194 264.6594633
39014400 295.3253024 294.999627 294.6037513 294.8953521 294.6932536
41701376 330.4115002 330.5232789 328.7959285 330.182226 329.8122608
44519424 358.7820916 358.000329 357.4930547 357.8403945 361.4537351
47468544 398.8479262 395.9457204 398.0690409 393.1944796 394.0144413
50548736 464.9766452 465.3918709 466.9809974 478.5517872 468.8296601
53760000 475.0917377 473.8250833 472.7926804 470.4986828 470.9596887
57102336 511.8149321 516.4666865 513.0973297 515.9785503 515.6747922
60575744 562.7690461 560.2873668 559.9302447 560.6655442 562.8427917
64180224 599.7347707 601.821331 598.1338426 606.3771545 599.8287309
67915776 650.8888988 663.6029825 655.9423034 655.9255971 652.9951336
