# Varying GCF_DIM, start = 2 inc = 2 end = 128
12804096 0.095159707 0.095109958 0.094423814 0.094529514 0.093520657
12816384 0.254378932 0.254731334 0.242987142 0.254112945 0.245407669
12836864 0.48342535 0.494536675 0.490582867 0.480156738 0.509779456
12865536 0.69119333 0.689084916 0.735037458 0.716935429 0.731580462
12902400 1.029787857 1.010417838 1.012903158 0.989291939 1.017704732
12947456 1.430012951 1.465029652 1.821582077 1.414991313 1.370225687
13000704 1.9669635 1.955619704 1.965377822 1.962740477 1.954984082
13062144 2.415099088 2.446222128 2.387655184 2.418159206 2.426952947
13131776 2.985278414 3.019116706 3.000574173 3.00901245 2.983706837
13209600 3.562234556 3.59792315 3.572007411 3.574383573 3.591871817
13295616 4.31798499 4.301058075 4.363435127 4.322572672 4.348708351
13389824 5.183094349 5.197009211 5.180829438 5.177553012 5.38322999
13492224 5.828480458 5.881027921 5.925116328 5.954861816 5.944993327
13602816 6.688497705 6.699389942 6.702644867 6.643762603 6.693381695
13721600 8.18927349 8.00159589 8.108513332 7.885737736 8.169519747
13848576 9.050116579 9.163854068 9.087286923 9.07363072 9.218204129
13983744 10.346467 10.28222024 10.55072138 10.65546584 10.28581526
14127104 11.87326067 12.13999825 11.70549313 11.61759433 11.68588355
14278656 13.10709443 13.2008491 13.17602736 13.07463517 13.36894813
14438400 14.7145223 14.88964144 15.00164885 14.91675935 14.63403943
14606336 16.17941123 16.16495844 16.21316878 16.25203325 16.43983028
14782464 17.75797758 17.97388721 18.08950018 18.06271911 17.92913617
14966784 19.73478126 19.89430119 19.80998503 19.64165106 19.64394585
15159296 22.53519016 22.69977618 22.90127346 21.38293385 23.49285095
15360000 24.3800778 23.83090651 23.9692889 23.52635448 23.84877439
15568896 26.56178415 26.08845504 25.80729139 25.54134098 26.48210145
15785984 28.26344909 28.58004649 28.32069004 28.4151295 28.09623485
16011264 30.87794829 30.55173969 30.91506531 30.76753807 30.87007561
16244736 33.11795671 32.59988519 33.23724024 33.21457263 33.26373521
16486400 34.87643024 35.03925631 35.69585399 35.85793952 36.33226622
16736256 37.93054058 38.28675932 38.34583185 39.19839959 37.62986449
16994304 40.78892735 40.9789738 40.86829091 40.85865207 40.84949878
17260544 43.69815442 43.10733247 42.44187202 43.14120062 42.9299416
17534976 46.16126484 43.75907928 45.29919717 45.60263632 45.54475767
17817600 48.40328596 48.87399122 48.06039149 48.75211189 49.03893509
18108416 52.2226414 52.75619206 51.78742497 52.04373705 52.46596599
18407424 54.64204469 54.07464401 53.86849417 54.61043615 54.66058108
18714624 58.00029009 58.4611548 57.91053691 57.40755352 57.86020785
19030016 61.02758712 61.44261402 61.13007584 61.3451966 61.74441211
19353600 65.50688077 65.92865127 66.55940741 66.52069702 66.47686673
19685376 68.83893507 69.10197988 68.50632874 68.75600417 67.38625322
20025344 71.64398746 70.64687598 72.81201756 72.39694883 72.5806591
20373504 77.44111978 76.07026731 74.12821867 74.52547769 74.88099826
20729856 80.95966406 79.8864968 79.14200402 80.36769761 80.86172774
21094400 84.60586185 82.39570971 81.92106864 85.19144437 84.36326186
21467136 89.48317051 89.97165282 86.5531079 86.95058883 87.80867388
21848064 91.24270634 94.3751059 93.16482698 94.6181791 95.01286112
22237184 100.7150267 100.7005636 100.861315 100.8269203 100.3525074
22634496 103.5998739 102.86866 99.71811348 104.0028753 102.9613516
23040000 108.0211549 106.5730411 104.282907 105.6206566 108.6756018
23453696 114.9023728 109.4726261 113.2389782 113.4755768 114.079448
23875584 117.4407498 117.9014157 119.6040945 118.7144223 118.189907
24305664 124.6193888 118.7059024 123.804169 118.0334106 123.7188245
24743936 130.1886261 129.5038722 124.5252891 127.6552644 129.2912493
25190400 129.1442438 135.6355174 134.4518698 135.0347276 129.1893295
25645056 137.9923574 138.6543261 139.5824768 138.4856851 138.0857018
26107904 140.6537037 147.1890909 145.6099144 147.6521874 148.600716
26578944 150.4779211 152.2969601 153.1106944 153.2860688 152.729782
27058176 150.1303498 161.2919373 151.1008591 158.7571028 160.425249
27545600 157.1467343 161.3490116 160.962365 162.0704735 165.0200284
28041216 173.4077953 170.2732065 163.2281728 161.812873 173.2947779
28545024 178.0187622 174.8444182 178.1938879 177.5220813 168.7171226
29057024 186.2040811 172.7878811 183.2589092 173.4045668 173.3799757
29577216 180.3611209 179.6904947 180.6938153 179.9893547 180.2404556
