# Varying NPOINTS, start = 10000 inc = 5000 end = 1600000
1368576 0.234411496 0.232648885 0.232181571 0.231890054 0.232389817
1528576 0.353699628 0.351763738 0.350049032 0.351519657 0.35254434
1688576 0.471123975 0.477887604 0.471003641 0.481726479 0.469709312
1848576 0.58856423 0.596458127 0.579094282 0.61329425 0.574920083
2008576 0.7237017 0.706993022 0.718311795 0.7188594 0.699579936
2168576 0.813806569 0.826274413 0.823736201 0.831751325 0.836181788
2328576 0.967276187 0.943180874 0.94441216 0.971095507 0.946112247
2488576 1.08343115 1.070693005 1.07120061 1.065822493 1.05716328
2648576 1.172778918 1.17595147 1.155729263 1.236917702 1.180299591
2808576 1.304755363 1.297961521 1.305224342 1.29203773 1.300990756
2968576 1.400019079 1.411934058 1.408481404 1.444580766 1.482161425
3128576 1.542006981 1.534082893 1.537320462 1.547262776 1.541470434
3288576 1.662041639 1.656681588 1.712067766 1.644966181 1.661490277
3448576 1.755052496 1.78249819 1.832872239 1.772149342 1.795581136
3608576 1.905065273 1.916671415 1.891408203 2.525082536 1.975936925
3768576 2.049906819 2.045516641 2.044680576 2.042649254 1.989625059
3928576 2.142895296 2.135669659 2.154001214 2.14524273 2.176007492
4088576 2.288349065 2.301207234 2.260873919 2.287166529 2.230050196
4248576 2.392503958 2.384637926 2.343227108 2.334094439 2.401886706
4408576 2.559381441 2.548640392 2.509669016 2.495495739 2.599309927
4568576 2.659402243 2.599684981 2.575131685 2.588329079 2.650104666
4728576 2.747420128 2.69807986 2.728933305 2.758670705 2.724262078
4888576 2.84890091 2.854820292 2.911023446 2.880878011 2.916168713
5048576 3.000907306 2.930444366 2.98584964 2.940146245 2.992048685
5208576 3.092646851 3.080068254 3.09942955 3.035065531 3.043765015
5368576 3.160524187 3.171209632 3.177594548 3.20934667 3.151970917
5528576 3.288748175 3.275220528 3.357579232 3.280267602 3.272851252
5688576 3.403965549 3.415004016 3.377885869 3.360261944 3.382693569
5848576 3.533492398 3.467772693 3.530233261 3.530684937 3.531023105
6008576 3.683253519 3.665158583 3.626764991 3.641616159 3.642639302
6168576 3.749247659 3.744095259 3.758682032 3.738977623 3.75852358
6328576 3.864651509 3.8612902 3.845611175 3.882885863 3.908154697
6488576 3.939461449 3.989631441 3.918595719 4.869449427 3.987988392
6648576 4.12556665 4.079088914 4.091083044 4.160275535 4.112318303
6808576 4.254395803 4.20868784 4.155684499 4.169764192 4.272903465
6968576 4.29652804 4.300621491 4.23301176 4.252575723 4.324849331
7128576 4.503406324 4.410774577 4.413942321 4.408658709 4.424016969
7288576 4.623386991 4.563155928 4.573130106 4.525437066 4.526825388
7448576 4.582463197 4.618764902 4.637783742 4.61329949 4.660400962
7608576 4.774711948 4.726719369 4.691925773 4.766639204 4.847406103
7768576 4.985545043 4.87209754 4.865333974 4.885892537 4.869971762
7928576 4.98079943 5.000597978 4.972650906 4.91961573 4.966070616
8088576 5.073544033 5.089782721 5.06961598 5.029367936 5.029253839
8248576 5.180669899 5.202188664 5.23834013 5.247092419 5.189795549
8408576 5.26086577 5.342639113 5.22289621 5.400648209 5.275964933
8568576 5.506268719 5.345950033 5.372220511 5.33570128 5.37745502
8728576 5.452160746 5.475977188 5.460961602 5.487913137 5.541737559
8888576 5.597507965 5.679561946 5.608803453 5.630748669 5.674870885
9048576 5.685903815 5.724718279 5.688678719 5.696037297 5.719143035
9208576 5.71459964 5.785246561 5.77243698 5.737113384 5.842742931
9368576 5.848649939 5.996121612 5.862902976 5.923193762 5.828254225
9528576 5.908351817 5.945771536 5.98938868 5.967152022 6.107725887
9688576 6.097678399 6.110312106 6.065266534 6.222845854 6.206753069
9848576 6.282545064 6.233483474 6.177104207 6.188171964 6.237591115
10008576 6.35470236 6.363344831 6.344534415 6.348896862 6.309479686
10168576 6.583159622 6.343427218 6.35359782 6.402575155 6.412625056
10328576 6.470773543 6.533831891 6.589162493 6.588846584 6.524633825
10488576 6.616140299 6.682488284 6.639197387 6.602721049 6.634183518
10648576 6.870944764 6.745784984 6.827410548 6.709060976 6.777943556
10808576 6.843692137 6.820629524 6.809388441 6.929438229 6.866132429
10968576 7.003309717 6.990361777 6.878598236 6.880292937 7.028646159
11128576 6.979298627 7.010315113 7.142022645 7.055362938 7.031024617
11288576 7.090181829 7.207639018 7.184896797 7.111386802 7.212132774
11448576 7.306188591 7.308531402 7.278663893 7.283208368 7.360943165
11608576 7.438833784 7.456241973 7.352394892 7.500562173 7.396433434
11768576 7.450241129 7.53957176 7.517412146 7.466829964 7.759244593
11928576 7.600096012 7.727909967 7.601077139 7.563449175 7.616348139
12088576 7.629981019 7.636342102 7.751604672 7.726660721 7.679224002
12248576 7.847795198 7.824170575 7.800105357 7.766900849 7.88640192
12408576 7.906941509 7.900470124 7.826308928 8.016342145 7.942374812
12568576 7.911650675 7.958239626 7.940281187 8.027705588 7.900727348
12728576 8.127387342 8.208997618 8.211095011 8.095553652 8.144401158
12888576 8.266664959 8.349726604 8.163272135 8.19832462 8.267648258
13048576 8.184521907 8.365178786 8.268818142 8.390579168 8.293828207
13208576 8.445319986 8.631631378 8.347472046 8.380711648 8.464912334
13368576 8.717730157 8.494020072 8.623009543 8.584207128 8.588865143
13528576 8.902180608 8.618642016 8.691041009 8.663563 8.620536369
13688576 8.709358338 8.770703195 8.728029524 8.715604439 8.750988459
13848576 8.913400549 9.043016635 8.825357108 8.956040422 8.813865605
14008576 8.917151606 8.93214128 8.862088879 8.958875922 8.871386336
14168576 9.087205477 9.20422629 9.100730329 8.991830539 8.991920401
14328576 9.080227143 9.336897354 9.108506193 9.204447947 9.149055961
14488576 9.187710514 9.316733366 9.22971129 9.278105893 9.261530062
14648576 9.402060795 9.372847513 9.385770665 9.389249194 9.355597396
14808576 9.395109688 9.513400298 9.565865883 9.511760156 9.518885898
14968576 9.528365181 9.646322136 9.602702352 9.617507609 9.583736254
15128576 9.688693583 9.662444657 9.744495147 9.626852814 9.583051514
15288576 9.81464915 9.715950143 9.965926928 9.842365569 9.840979224
15448576 9.935849852 10.03968978 9.980019649 9.902747302 9.864617754
15608576 10.13644112 9.943653516 10.07966982 10.18899121 10.07301077
15768576 10.11279703 10.02197949 10.0710224 10.15078726 10.09854236
15928576 10.28255526 10.24833322 10.13692672 10.20591447 10.26745189
16088576 10.42874665 10.31190034 10.25228077 10.21631705 10.41304501
16248576 10.38988886 10.44062968 10.42570635 10.24693473 13.67803049
16408576 10.59703506 10.50719294 10.59316247 10.4122981 10.42649634
16568576 10.57088799 10.68281831 10.52665862 10.55447648 10.80946501
16728576 10.71577133 10.76405615 10.81603038 10.88086531 10.70251906
16888576 10.80150521 10.80128855 10.78667944 10.79769353 10.95883717
17048576 10.9086687 10.87373419 11.00341847 10.8241529 11.02614281
17208576 11.08375805 11.10512655 10.9951059 11.14038674 10.99726843
17368576 11.08496043 11.19054512 11.21657087 11.25533804 11.00660374
17528576 11.31099387 11.21755388 11.44828086 11.25649188 11.34653245
17688576 11.32976322 11.25066876 11.35887386 11.45534695 15.05637948
17848576 11.61384337 11.48265553 11.39178915 11.51299993 11.29329767
18008576 11.72050701 11.50333113 11.57501626 11.5027992 11.50778588
18168576 11.71949342 11.63635089 11.72903647 11.87536837 11.71424901
18328576 11.72886197 11.75383255 11.67005264 11.7916414 11.81650589
18488576 11.84735407 11.93211273 11.90435425 11.73726469 12.07920299
18648576 11.93199899 11.99536536 11.93370033 11.93679137 12.00931925
18808576 12.16489937 12.11795588 12.13142704 12.04652859 11.99793772
18968576 12.18454058 12.26337465 12.17764265 12.14193661 12.3437658
19128576 12.18605473 12.20696424 16.11742127 12.29800426 12.23592579
19288576 12.3493288 12.41999443 12.41850936 12.5331814 12.28510347
19448576 12.5736212 12.73939812 12.59464772 12.54425347 12.4977063
19608576 12.64619792 12.63706443 12.58391061 12.52280488 15.4420067
19768576 12.70167836 12.67237603 12.68425235 12.80049043 12.91739977
19928576 12.91992496 12.86681641 13.04711871 12.86477753 12.97484537
20088576 12.93173398 13.00081742 12.82541485 12.79875748 12.93107444
20248576 12.97610412 13.13597499 13.14435839 13.09301083 13.03502081
20408576 13.08748922 13.03676983 13.18321603 13.13363265 13.21624708
20568576 13.46036242 13.16283597 13.31063203 13.29169635 17.62727051
20728576 13.42103193 13.29588003 13.39545708 13.39611308 13.42209945
20888576 13.49424392 13.33030384 13.39835359 13.61589111 13.54724327
21048576 13.51722037 13.43404322 13.57366885 13.45250125 13.55110425
21208576 13.71615707 13.60569736 13.54914001 13.78759559 13.48855518
21368576 13.72349029 13.66884258 13.7041078 13.89607062 13.89666928
21528576 13.83963913 17.45002489 13.87200137 13.82539306 14.01314752
21688576 13.94083278 13.96157264 13.96255456 14.13547012 14.2657328
21848576 14.06710848 14.16617629 13.95735691 14.06184275 14.14310229
22008576 14.14157597 14.12957916 14.26975467 14.23098483 14.35605698
22168576 14.35354011 14.3501828 14.27770354 14.28677922 14.34344614
22328576 14.30183584 14.5218222 14.31871034 14.36689196 14.54473212
22488576 14.5644447 14.45412577 14.50085656 14.74519902 14.47089722
22648576 14.55957278 14.65928953 14.68543688 14.62250811 14.74945568
22808576 14.63276644 14.87077513 14.98371394 14.85250985 14.75556841
22968576 14.9135815 14.87003956 14.80906453 14.79491847 15.02141459
23128576 14.92479806 14.91098505 14.96755533 14.93397336 14.92321858
23288576 15.37472889 15.0899535 14.89241213 14.91454472 15.02211442
23448576 15.07977257 15.00703304 15.16367758 15.14952642 15.04427289
23608576 15.25432863 15.30885532 15.31215086 15.45527306 15.28511892
23768576 15.49137512 15.34729615 15.28144825 15.31840608 15.3263594
23928576 15.8032449 15.71143112 15.32492747 15.62989929 15.40905478
24088576 15.54957964 15.58518312 15.51710194 15.54765163 15.72678242
24248576 15.82957688 15.85323315 15.66810194 15.5413074 15.76788212
24408576 15.82870842 16.06245839 15.78015663 15.85884546 15.89523139
24568576 15.864906 16.00857414 16.04884517 15.82172947 15.79340374
24728576 16.04366222 16.15155171 15.96552785 15.87740278 15.97645008
24888576 16.09149769 16.10965107 16.16270003 16.15277772 16.13335838
25048576 16.09504649 16.3913911 16.09730787 16.10601093 16.0941489
25208576 16.36953398 16.22124313 16.20741858 16.35364181 16.14652487
25368576 16.43545207 16.640135 16.21910765 16.69655816 16.49537974
25528576 16.65408001 16.6978628 16.5642798 16.59882819 16.44290283
25688576 16.60865501 16.64443348 16.51973332 16.49414012 16.67345463
25848576 16.69537809 16.9534017 16.78642592 16.82958603 16.59753421
26008576 16.79821847 16.7287941 16.79699199 16.73029454 16.99275162
26168576 17.07040147 16.85114615 16.98564672 16.99056697 16.79139366
26328576 17.10573331 17.09454271 17.29081886 16.8391361 16.9085104
26488576 17.05431208 16.97884446 17.14885757 16.98546993 17.09127484
26648576 17.26280591 17.09716891 17.15407054 17.22759221 17.24710276
26808576 17.2737947 17.26432211 17.34172849 17.38760275 17.39509763
26968576 17.36449324 17.67886058 17.4536846 17.3253949 21.9639941
27128576 17.63240361 17.69658792 17.55745733 17.65916229 17.72397604
27288576 17.55432388 17.71018563 17.59055634 17.76631671 17.56923563
27448576 17.78606747 17.75188486 17.81841526 17.80882454 17.73540815
27608576 17.75494492 17.75242096 17.96055684 17.75549483 17.73060106
27768576 17.97985438 18.19578612 17.85979486 17.97108836 18.05910714
27928576 18.29119541 18.07421348 18.14479408 18.10911157 18.14459661
28088576 18.0986041 18.09075539 18.34288544 18.29760672 18.04174524
28248576 18.31711783 18.1504278 18.41910083 18.23867612 18.30006064
28408576 18.47521248 18.39331783 18.54283461 18.44658296 18.22119561
28568576 18.54357462 18.49844854 18.58413321 18.4825568 18.52132783
28728576 18.56858165 18.45597641 18.80277611 18.62732528 18.77645208
28888576 18.78408991 18.66261757 18.80047991 18.63957174 19.02434092
29048576 18.81864135 18.85693576 18.77569107 18.62554178 19.01308707
29208576 18.89558166 19.05262732 18.96148737 18.82856527 18.93525476
29368576 19.09489401 19.00907626 19.18591707 19.00681591 18.99421565
29528576 19.12893093 18.99877624 19.01739789 19.05216645 19.10801423
29688576 19.33117963 19.27609306 19.30193618 19.14248626 19.13373922
29848576 19.36686865 19.29988978 19.57157038 19.39149415 19.38794601
30008576 19.38298485 19.36453783 19.36087196 19.29342961 19.4004227
30168576 19.51348274 19.47774062 19.62146041 19.75021225 19.49489065
30328576 19.5435144 19.72043259 19.76347875 19.77069185 19.62834812
30488576 19.65711857 19.69526861 19.78822334 19.64879654 19.97933605
30648576 19.76499828 19.87115576 19.63539964 19.764604 19.7693186
30808576 19.9360884 19.90164619 19.94152504 19.83838279 19.99956594
30968576 19.92543361 20.10885723 20.0305325 20.06292553 20.13982456
31128576 20.20106211 20.20049949 20.03243516 20.08248521 20.3977196
31288576 20.43704728 20.18999172 20.27367344 20.22459324 20.27145461
31448576 20.36037361 20.38387957 20.36904261 20.43534338 20.33180071
31608576 20.38001458 20.44924847 20.49209401 20.53305272 20.82045708
31768576 20.49564776 20.63790742 20.58840274 20.75038269 20.61060543
31928576 20.56797455 20.69735086 20.76888369 20.97909639 20.64074337
32088576 20.80820142 20.78493062 20.74813521 20.75923218 20.9757258
32248576 21.00264908 20.88481191 20.86229432 20.84056118 20.8572915
32408576 21.02522746 20.81371731 21.10728991 21.14009939 21.13408137
32568576 21.09542525 21.26660892 21.34260851 20.98062039 21.06761866
32728576 21.06475589 21.41661487 21.2616142 21.74237719 21.15978138
32888576 21.12384434 21.23040636 21.27730808 21.378883 21.5319286
33048576 21.58599995 21.51660359 21.39339954 21.42315509 21.24030584
33208576 21.51312699 21.53922041 21.4359197 21.50019662 21.48822666
33368576 21.97649928 21.43868831 21.64881508 21.7102374 21.8119409
33528576 21.68951068 21.7855363 29.04299081 22.09864082 21.71545524
33688576 21.6409332 21.79000049 21.98569529 21.69046977 21.7340479
33848576 21.9770124 21.93675977 22.00656849 22.19772302 21.84816681
34008576 21.9892731 22.15360597 22.2970016 22.05624244 22.17224094
34168576 22.15075497 22.14703265 22.03367803 22.26770018 22.4489741
34328576 22.56882775 22.2978995 22.31628668 22.2676816 22.31782198
34488576 22.54170371 22.32595144 22.52852725 22.34659614 22.54724915
34648576 22.52648109 22.45618398 22.47089086 22.41322866 22.32581236
34808576 22.56886839 22.6057715 23.00305399 22.75231548 22.51567895
34968576 22.72134018 22.88938786 22.62268842 22.77515477 22.62295861
35128576 22.85322003 22.73356648 22.94266075 22.75453453 22.73449642
35288576 22.95835777 22.90776652 23.03853586 22.86406824 22.86145351
35448576 23.03022964 22.79680994 23.17739127 22.87759848 22.9974007
35608576 23.36833456 23.0129389 23.76229328 23.14155503 30.09929537
35768576 23.1763283 23.32935149 23.19003091 23.18438433 23.26719374
35928576 23.43703361 23.50055185 23.61261577 23.36719227 23.31988199
36088576 23.60558019 23.42606729 23.45121625 30.67678294 23.74826215
36248576 23.41816171 23.54065497 23.64163738 23.45363449 23.48783341
36408576 23.52820682 23.55279138 23.40287465 23.47890875 23.66537822
36568576 23.84710996 23.85248653 23.49183358 23.59885267 23.72625403
36728576 23.90625554 23.82506626 23.66412383 24.04392468 23.69951369
36888576 23.81898315 23.69773178 24.10365182 23.77626615 23.96434905
37048576 24.22615925 24.27445513 24.02909244 23.92063758 24.07721078
37208576 24.56614738 24.17227116 24.2781281 24.42497386 24.06270431
37368576 24.26117373 24.41061411 24.29155413 24.41340787 24.21994672
37528576 24.1594319 24.89324583 24.34510906 24.36351424 24.55223929
37688576 24.31357057 24.45558348 24.4763311 24.36881294 24.32286911
37848576 24.54240203 24.59998874 24.68470735 24.61139752 24.62613292
38008576 24.70573345 24.69725788 24.7467008 24.63430428 24.6464043
38168576 24.68616672 24.63508391 24.6332755 24.81801726 24.71093428
38328576 24.75727183 24.78544949 24.78776005 24.840546 24.75778369
38488576 24.88438141 24.93154205 24.89682263 24.92287075 25.04190323
38648576 25.1870492 25.26465699 24.96789952 25.3171122 25.1197979
38808576 25.03304355 25.01616994 25.09206749 24.96080916 25.17705871
38968576 25.20443685 25.21004888 25.21749302 25.27951173 25.36317735
39128576 25.25101406 25.28720035 25.52719127 25.48333001 25.66983209
39288576 25.33147821 25.70413924 25.48487351 25.50698422 25.47133711
39448576 25.74572586 25.45334661 25.44503815 25.44805916 25.60971322
39608576 25.70976651 25.64114299 25.51264473 25.68869162 25.67208193
39768576 25.65769055 25.55825243 25.98932305 25.87412518 25.81039783
39928576 34.55966609 25.84143366 25.9964811 25.85346834 25.86627639
40088576 26.15496699 26.40662617 26.01698986 26.06123595 26.22252005
40248576 26.16358381 26.07863069 25.94010504 26.12929127 26.21266243
40408576 26.22405808 26.11176733 26.19744613 26.56874365 32.79552615
40568576 26.14888646 26.14729003 26.25731173 26.17621744 26.10464886
40728576 26.37275638 26.38523749 26.17367698 26.22040894 26.17442195
40888576 26.35751591 26.55705966 26.24460988 26.56447716 26.34097489
41048576 26.57237587 26.77179285 26.48254489 26.5778763 26.48695002
41208576 26.62706818 26.6856141 26.76567959 26.81014166 26.5384933
41368576 26.71331436 30.68390206 26.89538425 26.70876479 26.85288509
41528576 26.91644462 26.94327788 26.94489989 26.85879731 26.97032985
41688576 26.89695425 27.01789231 27.01094321 27.14153454 26.97215874
41848576 27.16902594 27.00343903 27.08205919 27.0173687 27.1258634
42008576 27.11239845 27.25902829 27.1020931 27.22392026 27.2005378
42168576 27.2844427 27.39147695 27.23135229 27.31965162 27.26733341
42328576 27.5085232 27.44268695 27.29134082 27.45255566 27.40978591
42488576 27.50970022 27.63877702 27.5297312 27.37754185 27.59934776
42648576 27.58589834 27.51556914 27.69343149 27.7675931 27.55039186
42808576 27.70303831 27.80622111 27.72603463 27.82004165 27.77484513
42968576 27.67477287 27.61245592 27.86142811 27.8152736 27.91908425
